pi0: 0.668117735644848 

p-value q-value 
0.01212618 0.08795356
0.07502524 0.2088022
0.9949211 0.6661955
0.04178549 0.1612001
0.8458139 0.6307667
0.2519243 0.3708031
0.6586562 0.5717172
0.06568139 0.1956791
0.1232681 0.2694258
0.0007129338 0.02340781
0.08839748 0.2302839
0.007381703 0.06856997
0.271 0.3799781
0.974981 0.6622658
0.2497098 0.3693217
0.7734763 0.6135472
0.03618297 0.1507906
0.001750789 0.03635347
0.08846688 0.2302839
0.1380883 0.2869370
0.8469748 0.6314101
0.363041 0.4386176
0.1798738 0.3231219
0.9964795 0.6668174
0.941858 0.6559659
0.5461893 0.5258148
0.3367886 0.4220204
0.6235079 0.5590805
0.002649842 0.04280903
0.6738139 0.5780044
0.6793123 0.580839
0.1167413 0.2639774
0.7954574 0.6187909
0.8524763 0.6325827
0.001164038 0.0300653
0.5741956 0.5385775
0.0627918 0.1918191
0.04164984 0.1612001
0.2710883 0.3799781
0.4470946 0.4796943
0.5621672 0.5322014
0.8167792 0.6242274
0.006425868 0.06450028
0.02806309 0.1331602
0.04525868 0.166164
0.1701514 0.3161134
0.2819874 0.3860572
0.05393691 0.1816133
0.7211199 0.5982137
0.2026246 0.3413667
0.1974606 0.3359103
0.2346467 0.3598596
0.3770095 0.4455809
0.8111735 0.6224928
0.5191262 0.5120981
0.2831199 0.386608
0.143265 0.2917555
0.04046057 0.1601734
0.4200473 0.4668412
0.002984227 0.04482422
0.1857476 0.3281076
0.4265268 0.4697635
0.983489 0.6639987
0.7937098 0.6187909
0.7024984 0.593713
0.5437224 0.5248713
0.4941041 0.5019086
0.8438013 0.6307667
0.3712429 0.4417234
0.5087129 0.5073643
0.9478139 0.6567102
0.4952965 0.502397
0.01310726 0.09289064
0.4095079 0.4630595
0.7830095 0.6175993
0.1347445 0.2836283
0.1880536 0.3299793
0.7705363 0.6129554
0.04654574 0.1683178
0.2005331 0.3389591
0.1118517 0.2591843
0.008750789 0.07457747
0.05854574 0.1881578
0.1824101 0.3254696
0.2363281 0.3613914
0.4249495 0.4694865
0.2609968 0.3738939
0.01709779 0.10682
0.0224795 0.1204780
0.6696309 0.5758155
0.4643249 0.4870773
0.01230284 0.08893035
0.9713975 0.662153
0.004255521 0.05478972
0.002353312 0.03955681
0.07210095 0.2049732
0.9495174 0.6569796
0.08358675 0.2249528
0.2011609 0.3397491
0.5499937 0.5280371
0.3565205 0.4345457
0.5039621 0.5063368
0.1078549 0.2551225
0.5456593 0.5257318
0.3063817 0.4030701
0.638123 0.5657187
0.595041 0.5483736
0.7170284 0.5975283
0.9567729 0.6582142
0.0004100946 0.02189152
0.01444164 0.09862183
0.7233754 0.5982137
0.4808013 0.49625
0.01339117 0.0942246
0.6682934 0.5753852
0.732735 0.6004582
0.000659306 0.02340781
0.4862397 0.4982212
0.7815804 0.617432
0.8185426 0.6247274
0.2150662 0.3482384
0.4122681 0.4639513
0.589246 0.5452967
0.4975521 0.5031328
0.05645741 0.1877128
0.01580442 0.1033108
0.4587413 0.4839865
0.5183849 0.5118436
0.8530978 0.6325827
0.002227129 0.03877273
0.01901893 0.1115812
0.9648076 0.6617197
0.1736562 0.3187753
0.3793028 0.4471935
0.0717918 0.2043686
0.09394322 0.2368362
0.455776 0.4833766
0.5205678 0.5130423
0.003429022 0.04647036
0.2893659 0.3913243
0.9104921 0.6458009
0.9993155 0.6680187
0.1104132 0.2576816
0.8344448 0.627369
0.001321767 0.03181153
0.173612 0.3187753
0.0605836 0.1910600
0.8398139 0.6293948
0.3280315 0.4155196
0.5589117 0.531964
0.002299685 0.03927887
0.5351262 0.5201292
0.4175931 0.4654682
0.8721104 0.6375808
0.002760252 0.04298551
9.463722e-05 0.01295744
0.02538486 0.1256155
0.04642271 0.1683178
0.4551009 0.4831445
0.4925899 0.5015733
0.2858517 0.3885583
0.3464385 0.4302905
0.9704416 0.662153
0.3644448 0.4389485
0.2217224 0.3530776
0.9899748 0.6658089
0.06107256 0.1910600
0.232836 0.3581199
0.01403785 0.09652996
0.269858 0.3795094
0.3746435 0.4435271
0.848205 0.6316602
0.5480347 0.5268729
0.193795 0.3347837
0.1109306 0.2584638
0.8983312 0.6416904
0.0363817 0.1507906
0.009706625 0.07816724
0.3354385 0.4208746
0.07051104 0.2020807
0.1676372 0.3130903
0.8963754 0.6416904
0.3800631 0.4471935
0.01643533 0.1058022
0.9199148 0.6495324
0.004526814 0.05574122
0.01162461 0.08669066
0.6086688 0.5541186
0.2599874 0.3738194
0.3659685 0.4393973
0.7313344 0.5996583
0.4459085 0.4792279
0.3210347 0.411954
0.2860158 0.3885583
0.08951104 0.2314755
0.2421861 0.3634427
0.06021767 0.1910337
0.1830631 0.3258730
0.2343943 0.3597330
0.2983565 0.3994306
0.7640442 0.6113252
0.1781483 0.3213852
0.04587697 0.1675248
0.5078297 0.5073222
0.9341293 0.654835
0.7042965 0.5945209
0.3598076 0.436704
0.4307413 0.4726846
0.2387035 0.3624287
0.2448991 0.3644975
0.08543218 0.2266332
0.3038675 0.4018132
0.9346688 0.654835
0.3643091 0.4389485
0.7798517 0.6167176
0.9527098 0.6574239
0.6335268 0.5635311
0.2388896 0.3624287
0.4346246 0.4752772
0.05596845 0.1863796
0.1549905 0.3021929
0.4310347 0.4727616
0.4133691 0.4643418
0.6669306 0.5753623
0.1400694 0.28914
0.01244479 0.08965046
0.1291199 0.2773502
0.2374637 0.3623854
0.3160032 0.4100942
0.3340662 0.4201484
0.01895584 0.11152
0.1101987 0.2576816
0.4268265 0.4698493
0.203653 0.3418070
0.5639401 0.5329708
0.9924164 0.6658089
0.2670915 0.3769101
0.09675394 0.2396706
0.2126088 0.3475548
0.2254132 0.3543640
0.2291924 0.3551085
0.2222397 0.3533862
0.03937855 0.1588593
0.525959 0.5143428
0.2376625 0.3623854
0.8251767 0.6255079
0.3263407 0.4150707
0.2148833 0.3482384
0.005321767 0.06125623
0.02090536 0.1152590
0.004255521 0.05478972
0.0069653 0.06687224
0.3375079 0.422125
0.00185489 0.03702745
0.1722271 0.318017
0.06161199 0.1911979
0.1440662 0.2920154
0.2319432 0.3570254
0.7729558 0.6135472
0.03678864 0.1518828
0.805899 0.6204436
0.2420442 0.3634427
0.4190568 0.4666321
0.0004479495 0.02189152
0.02842587 0.1337869
0.02870662 0.1340503
0.003444795 0.04647036
0.1223596 0.2694118
0.442164 0.4785274
0.09211987 0.2348817
0.5433249 0.5247268
0.6829653 0.5820197
0.827918 0.62564
0.9360505 0.6548944
0.3118612 0.4062123
0.06190536 0.1911979
0.3194385 0.4118694
0.1545615 0.3021929
0.9036215 0.6425167
0.05706625 0.1881415
0.4174637 0.4654682
0.3307981 0.4175258
0.7226246 0.5982137
0.4633375 0.4865235
0.05223659 0.1783369
0.6442429 0.5681752
0.4248833 0.4694865
0.004485804 0.05559834
0.2282145 0.3551085
0.2206814 0.352867
0.3654921 0.4392334
0.1727287 0.3183880
0.1102366 0.2576816
0.3963375 0.456701
0.3141325 0.4086681
0.6466498 0.5685488
0.008785489 0.07457747
0.616571 0.5552249
0.7242145 0.5982137
0.8840032 0.6391409
0.1685079 0.3141624
0.02808517 0.1331602
0.5176751 0.5116261
0.0581388 0.1881578
0.05570347 0.1863764
0.1533028 0.3020326
0.7405741 0.6028003
0.09745426 0.2404835
0.9023596 0.6423991
0.73594 0.6018038
0.804675 0.6197265
0.002100946 0.03791568
0.1967603 0.335592
0.04532492 0.166164
0.3029085 0.4017576
0.3606972 0.4370324
0.166429 0.3123790
0.3982145 0.4580958
0.06194006 0.1911979
0.6283218 0.5609937
0.9455457 0.6563666
0.5747319 0.5388419
0.9737823 0.662153
0.02080757 0.1152590
0.4983975 0.5031328
0.09107886 0.2343851
0.1354543 0.2837391
0.0002555205 0.02164701
0.0009747634 0.02716426
0.1588076 0.3050023
0.4487571 0.4805043
0.2251735 0.3543640
0.02308833 0.1210365
0.1091798 0.2566432
0.006176656 0.06444209
0.03996215 0.1601734
0.01955205 0.1134519
0.3470726 0.4302905
0.5865079 0.5450287
0.6239653 0.5592538
0.09557729 0.2382220
0.4524259 0.4807867
0.2396404 0.3630489
0.5930126 0.5474053
0.1008959 0.2453396
0.9657413 0.6617197
0.4590915 0.4839865
0.6183565 0.5558354
0.03319558 0.1446626
0.06590852 0.1956791
0.01498107 0.09961025
0.2746593 0.3824524
0.3837319 0.449264
0.2293596 0.3551085
0.3369495 0.4220204
0.4826183 0.4971563
0.1406404 0.2894723
0.8101483 0.622474
0.2292744 0.3551085
0.09221451 0.2348817
0.4050978 0.4607788
0.06067823 0.1910600
0.303817 0.4018132
0.06793691 0.1987927
0.1964164 0.3354813
0.03992114 0.1601734
0.6369306 0.5651347
0.8280095 0.62564
0.2992744 0.4003901
0.8416972 0.6303601
0.6924259 0.5875448
0.3314606 0.4178639
0.5167603 0.5116261
0.4258801 0.4694865
0.8790347 0.6389141
0.8286088 0.6256464
0.3463943 0.4302905
0.9370568 0.6551104
0.09387697 0.2368362
0.8625962 0.6358932
0.4892303 0.5003173
0.6192618 0.5559793
0.4565899 0.4835135
0.06708202 0.1976012
0.7621798 0.6107627
0.7928675 0.6187909
0.0226877 0.1204780
0.8639968 0.6361417
0.180612 0.3238985
0.2134953 0.3475548
0.03022713 0.1375806
0.7931672 0.6187909
0.05246688 0.1784507
0.2176309 0.3505537
0.6106215 0.5541186
0.8311861 0.6264757
0.3877666 0.4507485
0.769634 0.6127945
0.2702776 0.3795954
0.001858044 0.03702745
0.9723912 0.662153
0.1731073 0.3187753
0.386918 0.4507485
0.9730883 0.662153
0.1439937 0.2920154
0.2532808 0.3708031
0.9655016 0.6617197
0.9281956 0.6523259
0.4139306 0.4643418
0.1768265 0.3208395
0.004722397 0.05748116
0.2800757 0.3849329
0.002810726 0.04345204
0.2082208 0.3451994
0.1323691 0.2811925
0.5871136 0.5450287
0.02652997 0.1294671
0.4377192 0.4766547
0.1142618 0.2620146
0.5725931 0.5377889
0.402511 0.4593165
0.9655016 0.6617197
0.0316183 0.1409925
0.02507886 0.1246839
0.006410095 0.06450028
0.163082 0.3087969
0.0845205 0.2257362
0.09571924 0.2382220
0.8029022 0.6192975
0.4138076 0.4643418
0.9485016 0.6567102
0.00962776 0.07782806
0.1564164 0.3028149
0.0006971609 0.02340781
0.2413817 0.3634427
0.1895552 0.3320639
0.152795 0.3018746
0.1591767 0.3050023
0.01135016 0.08588046
0.2223091 0.3533862
0.3997634 0.4591498
0.3975237 0.4575699
0.07394006 0.2078165
0.1741987 0.3187753
0.02676341 0.1301564
0.4388927 0.4769345
0.8478423 0.6316169
0.02443218 0.1232041
0.9121293 0.6463553
0.0363123 0.1507906
0.1125047 0.2592790
0.7475457 0.6052186
0.7064006 0.5951111
0.6457035 0.5685488
0.2507666 0.3698516
0.4422461 0.4785274
0.5990505 0.5501947
0.3797445 0.4471935
0.008356467 0.07283308
0.01315773 0.09289064
0.8448864 0.6307667
0.04862145 0.1727802
0.812328 0.6224928
0.4882492 0.5000383
0.02354259 0.1219315
0.1174101 0.2639774
0.5883344 0.5450287
0.6128297 0.5541186
0.6662303 0.5750059
0.04267508 0.1629631
0.8226404 0.6248563
0.6398959 0.566181
0.01562776 0.1030396
0.1112303 0.2585660
0.2261798 0.3543640
0.8751451 0.6384892
0.0004227129 0.02189152
0.7226719 0.5982137
0.744265 0.6048747
0.3974574 0.4575699
0.7972965 0.6187909
0.5627697 0.5323397
0.1471041 0.2950347
0.005665615 0.06160388
0.001744479 0.03635347
0.7987855 0.6187909
0.5044606 0.5064731
0.0007413249 0.02340781
0.1552934 0.3021929
0.2806972 0.3850375
0.1060032 0.252824
0.973877 0.662153
0.05115142 0.1775988
0.06733438 0.1978222
0.882328 0.6389141
0.6555584 0.5704309
0.01173186 0.0871835
0.6369085 0.5651347
0.1709874 0.3164815
0.4436625 0.4785274
0.5316498 0.5179387
0.08549842 0.2266332
0.3092271 0.4044194
0.3277886 0.4154604
0.7839274 0.6175993
0.2583659 0.3722461
0.7678927 0.6119813
0.05828076 0.1881578
0.0438265 0.1645773
0.001299685 0.03163961
0.7892334 0.6175993
0.1766215 0.3208395
0.5955142 0.5483736
0.5094006 0.5073643
0.709489 0.5951956
0.2390599 0.3624287
0.8235142 0.6248563
0.1400599 0.28914
0.005123028 0.05961665
0.006410095 0.06450028
0.3688044 0.4407468
0.6626151 0.5737427
0.4510568 0.4805745
0.7219685 0.5982137
0.0005173502 0.02282736
0.145265 0.2932903
0.4507918 0.4805745
0.2785016 0.3841068
0.1459716 0.2941368
0.4888328 0.5002911
0.04991483 0.1747376
0.8128454 0.6225245
0.3811893 0.4477498
0.01188013 0.08738887
0.01666877 0.1060860
0.4411987 0.4784585
0.3530158 0.4328012
0.02063722 0.1152590
0.4133565 0.4643418
0.799593 0.619159
0.1549558 0.3021929
0.0001798107 0.01813462
1.577287e-05 0.01295744
0.06157098 0.1911979
0.7709937 0.6129554
0.535388 0.520145
0.02866877 0.1340503
0.03491483 0.1483208
0.9532744 0.6574239
0.5509495 0.5287151
0.8354826 0.6279263
0.8815016 0.6389141
0.2433722 0.3636624
0.04265931 0.1629631
0.3711798 0.4417234
0.03260252 0.1432572
0.3629968 0.4386176
0.3260379 0.4150707
0.9580379 0.6587801
0.02491483 0.1246839
0.0571388 0.1881415
0.008785489 0.07457747
0.2897981 0.3914369
0.5591073 0.531964
0.9412902 0.6559659
0.8413375 0.6303136
0.444858 0.4792279
0.3444637 0.4286434
0.7630915 0.611262
0.6269022 0.560252
9.77918e-05 0.01295744
0.3857539 0.4503864
0.4417003 0.4785274
0.0223817 0.1204780
0.1394574 0.2887209
0.06857098 0.1992164
0.6980347 0.5906476
0.0669306 0.1974297
0.05288328 0.1794924
0.8698139 0.6367811
0.5692555 0.5358423
0.09832808 0.2413121
0.3849148 0.4497873
0.1469495 0.295004
0.1153912 0.2625036
0.3180505 0.4109882
0.009514196 0.07728152
0.2056751 0.3435380
0.6597098 0.5719285
0.02260883 0.1204780
0.602407 0.5520804
0.3028991 0.4017576
0.8694132 0.6367811
0.002728707 0.04280903
0.1993123 0.3377041
0.04397792 0.1648536
0.06968454 0.2010725
0.2778801 0.3841068
0.6038423 0.5531564
0.4512271 0.4805745
0.09390852 0.2368362
0.443571 0.4785274
0.3198991 0.4118694
0.1901609 0.3327122
0.7889054 0.6175993
0.8549274 0.6325827
0.8781451 0.6389141
0.003135647 0.04482422
0.06734385 0.1978222
0.03766562 0.1545994
0.03427445 0.1471076
0.7095457 0.5951956
0.8989842 0.6417218
0.3085394 0.4041224
0.2052681 0.3433451
0.1279748 0.2760103
0.6166183 0.5552249
0.02504101 0.1246839
0.989694 0.6658089
0.2414416 0.3634427
0.1809653 0.3242575
0.4561104 0.4834892
0.04041956 0.1601734
0.8547918 0.6325827
0.6159306 0.5552249
0.02918297 0.1343643
0.0007318612 0.02340781
0.05927129 0.1892665
0.6313533 0.5623956
0.7217319 0.5982137
0.7241546 0.5982137
0.4348991 0.4752772
0.5830568 0.54328
0.1820789 0.3251526
0.6530158 0.5696227
0.4841861 0.4982212
0.5551073 0.5309005
0.2411262 0.3634427
0.02724606 0.1317473
0.1172902 0.2639774
0.04913565 0.1738556
0.003810726 0.04982014
0.006097792 0.06393424
0.7334637 0.6007065
0.4940473 0.5019086
0.9534984 0.6574239
0.834041 0.627288
0.2245268 0.3543640
0.145429 0.2933418
0.5685741 0.5357424
0.3508139 0.4325239
0.6658391 0.5750059
0.6467445 0.5685488
0.03246057 0.1429300
0.8519685 0.6325827
0.2319558 0.3570254
0.04782965 0.1711826
0.2161672 0.3494546
0.6566688 0.570928
0.6388486 0.5658304
0.07383281 0.2078165
0.486183 0.4982212
0.5869558 0.5450287
0.434817 0.4752772
0.4246719 0.4694865
0.1113407 0.2585660
0.0849653 0.2260689
0.2027634 0.3413667
0.9734448 0.662153
0.6136782 0.5544921
0.1312713 0.2809053
0.3934669 0.4548781
0.9392997 0.6556925
0.4913754 0.5008182
0.6104448 0.5541186
0.01076025 0.08257062
0.0914448 0.2347563
0.8823533 0.6389141
0.8524984 0.6325827
0.8635426 0.6361417
0.5515615 0.528914
0.1007918 0.2453396
0.672571 0.577406
0.8805868 0.6389141
0.9462334 0.6564229
0.01993375 0.1147238
0.2741703 0.3822741
0.5052934 0.5064731
0.4752524 0.4926837
0.2405174 0.3634427
0.05812934 0.1881578
0.00466877 0.0571569
0.1842492 0.3260046
0.4241041 0.4692916
0.02045741 0.1152590
0.1771924 0.3210279
0.9773596 0.6623944
0.4944511 0.5020203
0.6769243 0.5794133
0.006977918 0.06687224
0.2780789 0.3841068
0.8027192 0.6192975
0.128123 0.2760488
0.2667539 0.3769101
0.7843407 0.6175993
0.7854574 0.6175993
0.04691483 0.1689838
0.5169842 0.5116261
0.984754 0.6644112
0.3897382 0.4525436
0.5875899 0.5450287
0.4332303 0.4747194
0.2668707 0.3769101
0.0004763407 0.02189152
0.09619874 0.2385744
0.02177918 0.1182740
0.7651861 0.6115227
0.1246246 0.2718296
0.1659464 0.3121345
0.00633754 0.06450028
0.5616972 0.5322014
0.1076404 0.2550058
0.0005899054 0.02340781
0.02160252 0.1177880
0.06081703 0.1910600
0.2945174 0.3962949
0.6526782 0.5696227
0.7349716 0.6014763
0.2101199 0.3464853
0.7651199 0.6115227
0.001940063 0.03752442
0.1918517 0.3342616
0.9773091 0.6623944
0.2163123 0.3494546
0.655489 0.5704309
0.4008391 0.4592075
0.8197098 0.6248231
0.6743218 0.5782059
0.5010978 0.5044162
0.3652808 0.4392334
0.2528864 0.3708031
0.2657224 0.3769101
0.615306 0.5552249
0.5478265 0.5268729
0.5370315 0.5207861
0.1124606 0.2592790
0.8456246 0.6307667
0.6409211 0.5663029
0.6691388 0.575626
0.3640347 0.4389485
0.03505047 0.1483208
0.8363533 0.6283577
0.1355205 0.2837391
0.3084069 0.4041224
0.0344511 0.1474043
0.4451924 0.4792279
0.7035047 0.5940893
0.3352902 0.4208746
0.007706625 0.070052
0.2733849 0.3816816
0.01541956 0.102055
0.2619401 0.3738939
0.0002082019 0.01920838
0.09539432 0.2382220
0.7104353 0.5951956
0.02082334 0.1152590
0.170918 0.3164815
0.5650946 0.5338237
0.2829338 0.386608
0.09307886 0.2360896
0.14147 0.2898107
0.9037382 0.6425167
0.2697981 0.3795094
0.6755237 0.5787678
0.1361767 0.2838712
0.04207256 0.1617185
0.1062461 0.2528339
0.4665394 0.4886742
0.3765426 0.4452775
0.2619274 0.3738939
0.08624606 0.2276663
0.1046751 0.2507861
0.3640379 0.4389485
0.07929022 0.2166857
0.7840095 0.6175993
0.0007413249 0.02340781
0.1591104 0.3050023
0.4574416 0.4838733
0.0005993691 0.02340781
0.2189369 0.3519108
0.9158517 0.6478666
0.4208707 0.4671119
0.07470978 0.2087165
0.1074259 0.2550058
0.8742587 0.6384892
0.00185489 0.03702745
0.4686845 0.489508
0.7247224 0.5982137
0.6296498 0.561261
0.3025521 0.4017576
0.555877 0.5309005
0.1145615 0.2620146
0.3656246 0.4392334
0.3533186 0.4328012
0.5765331 0.5395752
0.07726183 0.2136232
0.1484353 0.2967956
0.2446909 0.3644483
0.5400505 0.5222789
0.2579117 0.372107
0.3063817 0.4030701
0.1405394 0.2894723
0.5953375 0.5483736
0.4889685 0.5002911
0.00937224 0.07728152
0.9823912 0.663469
0.3587603 0.4359325
0.288 0.3900030
0.06902839 0.1999966
0.4716025 0.4905808
0.0005678233 0.02340781
0.3991767 0.4587247
0.2315552 0.3570254
0.5399054 0.5222789
0.00788959 0.07110479
0.7546877 0.6082109
0.005463722 0.06160388
0.8547823 0.6325827
0.1014795 0.2455790
0.4384006 0.4766547
0.7291136 0.5989969
0.03219874 0.1426669
0.7983028 0.6187909
0.4571104 0.4838227
0.9905962 0.6658089
0.8086593 0.6223296
0.001996845 0.03789841
0.723407 0.5982137
0.02850789 0.1338754
0.3397319 0.4240009
0.4503628 0.4805745
0.006476341 0.06464745
0.005388013 0.06160388
0.4596972 0.4841412
0.8844953 0.6391409
0.02471924 0.1240609
0.525511 0.5143428
0.2428391 0.3636624
0.3606025 0.4370324
0.1558486 0.3025453
0.2141767 0.3481289
0.4020473 0.4592075
0.6640694 0.5745321
0.4513186 0.4805745
0.2351767 0.3604114
0.508959 0.5073643
0.2281798 0.3551085
0.5953785 0.5483736
0.006776025 0.06601494
0.07114196 0.2028092
0.02715773 0.1316207
0.01037855 0.08081278
0.2405363 0.3634427
0.9996593 0.6680187
0.1012208 0.2455790
0.2870599 0.3892277
0.001782334 0.03664917
0.9742681 0.6622063
0.987735 0.6655924
0.4690915 0.489508
0.3939716 0.4549136
0.7368707 0.6023323
0.02496215 0.1246839
0.2029874 0.3414724
0.05166877 0.1782115
0.4478801 0.4801087
0.8520095 0.6325827
0.132142 0.2811925
0.9018391 0.642368
0.9583407 0.6587801
0.7236625 0.5982137
0.3877224 0.4507485
0.7463344 0.6051633
0.3797634 0.4471935
0.5458549 0.5257318
0.3908139 0.4530475
0.9351798 0.6548944
0.9401356 0.6556925
0.07010095 0.2017244
0.2798076 0.3848142
0.5670284 0.5354116
0.003088328 0.04482422
0.1552934 0.3021929
0.01066877 0.08233639
0.86547 0.6361417
0.731183 0.5996583
0.9201167 0.6495324
0.5374259 0.5209301
0.6584259 0.5717172
0.8130568 0.6225245
0.7896656 0.6175993
0.08882019 0.2302839
0.6942555 0.5884542
0.2431041 0.3636624
0.05820189 0.1881578
0.6683155 0.5753852
0.03240694 0.1429300
0.1659306 0.3121345
0.7447003 0.6049964
0.4846404 0.4982212
0.7473186 0.6052186
0.2263785 0.3543640
0.01777287 0.1087665
0.4966972 0.5030716
0.1869495 0.3290313
0.5883375 0.5450287
0.4736782 0.4922565
0.1626656 0.3087051
0.6527066 0.5696227
0.5244574 0.5143428
0.854631 0.6325827
0.0007697161 0.02340781
0.279694 0.3848142
0.7378864 0.6028003
0.1309211 0.2806499
0.8964448 0.6416904
0.7910978 0.6184911
0.04466877 0.1659980
0.6979338 0.5906476
0.0002176656 0.01920838
0.01487066 0.09935352
0.3512744 0.4325239
4.100946e-05 0.01295744
0.1095489 0.2572253
0.2387035 0.3624287
0.3558328 0.4345457
0.9948233 0.6661955
0.4407571 0.4782244
0.1159117 0.2634048
0.9000852 0.6422912
0.002123028 0.03791568
0.00233123 0.03949912
0.644817 0.5681752
0.01884858 0.11152
0.06346372 0.1928435
0.8115331 0.6224928
0.8758833 0.6384892
0.07677603 0.2133944
0.02278233 0.1204780
0.04120189 0.1607051
0.3552965 0.4342148
0.2532808 0.3708031
0.1178707 0.2641717
0.600511 0.5508195
0.1616625 0.3076284
0.4432492 0.4785274
0.8213533 0.6248231
0.01005994 0.07950105
0.3613659 0.4375922
0.0685142 0.1992164
0.1315552 0.2809053
0.1576656 0.3046239
0.3057413 0.40307
0.159164 0.3050023
0.2292524 0.3551085
0.07780442 0.214145
0.04962461 0.1740093
0.9628233 0.6610034
0.05037224 0.1755128
0.007312303 0.06854829
0.5672997 0.5354291
0.003164038 0.04482422
0.28653 0.3889592
0.3480221 0.4302905
0.4164069 0.4654682
0.066 0.1956791
0.0888328 0.2302839
0.02925868 0.1344207
0.3285868 0.4159742
0.4281924 0.4706191
0.8507476 0.6325827
7.25552e-05 0.01295744
0.01004101 0.07950105
0.8777161 0.6389141
0.7972997 0.6187909
0.005473186 0.06160388
0.3045457 0.4023752
0.5919306 0.5469762
0.4177918 0.4654682
0.1953407 0.3353099
0.2561041 0.3717693
0.2295521 0.3551322
0.2724763 0.3809153
0.003107256 0.04482422
0.1423785 0.2904094
0.01032177 0.08066723
0.2429338 0.3636624
0.3946625 0.4551712
0.1967981 0.335592
0.6094732 0.5541186
0.06506625 0.1955995
0.4357319 0.4754513
0.1830978 0.3258730
0.694776 0.5885957
0.4606309 0.4844019
0.03804101 0.1552376
0.5095016 0.5073643
0.257041 0.372107
0.3080189 0.4041017
0.8798517 0.6389141
0.1213218 0.2684968
0.09992114 0.2438091
0.3038486 0.4018132
0.2113407 0.346981
0.2207571 0.352867
0.784205 0.6175993
0.3337287 0.4199733
0.4017697 0.4592075
0.6212997 0.5575726
0.05466877 0.1834941
0.5776498 0.5403815
0.5764606 0.5395752
0.0367571 0.1518828
0.8770158 0.6389141
0.7854448 0.6175993
0.7889527 0.6175993
0.5885363 0.5450287
0.3645584 0.4389485
0.728287 0.59855
0.8973785 0.6416904
0.06157413 0.1911979
0.01894637 0.11152
0.7851262 0.6175993
0.6160757 0.5552249
0.03786751 0.1548279
0.787959 0.6175993
0.756448 0.6085225
0.0008138801 0.02361293
0.1761546 0.3205186
0.0003312303 0.02189152
0.895817 0.6416904
0.208142 0.3451994
0.1536025 0.3021405
0.00952366 0.07728152
0.01735647 0.1071901
0.468653 0.489508
0.8274921 0.62564
0.6071293 0.5541186
0.0835899 0.2249528
0.5493312 0.5278403
0.1117129 0.2591462
0.8642303 0.6361417
0.1620662 0.3078434
0.01688013 0.1060860
0.2610757 0.3738939
0.7238202 0.5982137
0.001116719 0.02956420
0.131836 0.2809053
0.4289527 0.4712102
0.00111041 0.02956420
0.5398454 0.5222789
0.2469937 0.3665665
0.003741325 0.04952423
0.008678233 0.07457747
0.04067192 0.1607051
0.2527256 0.3708031
0.771858 0.6133902
0.2411041 0.3634427
0.821735 0.6248231
0.03277918 0.1434383
0.8659369 0.6361417
0.002233438 0.03877273
0.4720631 0.4908189
0.5620347 0.5322014
0.8034101 0.6192975
0.6518076 0.5696227
0.3872208 0.4507485
0.09773502 0.2406933
0.813817 0.6225245
0.02781073 0.1326605
0.09194322 0.2348817
0.7387476 0.6028003
0.04012618 0.1601734
0.05160252 0.1782115
0.4110095 0.4630731
0.03095268 0.1400763
3.785489e-05 0.01295744
0.9930347 0.6658089
0.9535741 0.6574239
0.02078864 0.1152590
0.0002113565 0.01920838
0.7888833 0.6175993
0.2124858 0.3475548
0.9691451 0.662153
0.3208139 0.411954
0.3654606 0.4392334
0.03116719 0.1405180
0.1090032 0.2565128
0.9692366 0.662153
0.9908202 0.6658089
0.05229022 0.1783369
0.01069085 0.08233639
0.1224606 0.2694118
0.04657098 0.1683178
0.3516877 0.4325239
0.135836 0.2837391
0.2040915 0.3418070
0.2040915 0.3418070
0.1793754 0.3227741
0.3984132 0.4580958
0.3514669 0.4325239
0.05702839 0.1881415
0.06263407 0.1916977
0.366388 0.439539
0.8554322 0.6325827
0.530224 0.5171022
0.323 0.4135988
0.8116467 0.6224928
0.0558959 0.1863796
0.4791262 0.4952451
0.6112334 0.5541186
0.8438675 0.6307667
0.1343912 0.2832155
0.042 0.1617185
0.1789148 0.3222190
0.6168486 0.5552249
0.9390126 0.6556925
0.5095363 0.5073643
0.06102208 0.1910600
0.2090095 0.3458345
0.6122524 0.5541186
0.01917981 0.1122142
0.00214511 0.03791568
0.3673028 0.4399002
0.1208612 0.2680516
0.1422082 0.2904094
0.04297476 0.1631141
0.2362839 0.3613914
0.06605994 0.1956791
0.02754574 0.1321120
0.8887666 0.6406904
0.4332681 0.4747194
0.1198486 0.2666295
0.1342871 0.2832155
0.2146088 0.3482384
0.04828707 0.1720263
0.1208675 0.2680516
0.2257003 0.3543640
0.5090158 0.5073643
0.003410095 0.04647036
0.1356814 0.2837391
0.5877476 0.5450287
0.01294006 0.09227671
0.8278801 0.62564
0.05343218 0.1807760
0.06602839 0.1956791
0.8022776 0.6192975
0.06601577 0.1956791
0.02901893 0.1343643
0.4481609 0.4801087
0.08588013 0.2270766
0.3604259 0.4370324
0.7721199 0.6133902
0.03607571 0.1507906
0.2242429 0.3543640
0.8209748 0.6248231
0.09564353 0.2382220
0.08674448 0.2279392
0.4177697 0.4654682
0.09194006 0.2348817
0.004157729 0.05402327
0.04352366 0.1640217
0.2763722 0.3835766
0.19347 0.334648
0.001419558 0.03240012
0.244694 0.3644483
0.2513186 0.3704078
0.88247 0.6389141
0.8835804 0.6391271
0.1358454 0.2837391
0.9392397 0.6556925
0.01620189 0.1049374
0.7275615 0.598383
0.4855426 0.4982212
0.3738076 0.4432235
0.4467571 0.4795751
0.6469937 0.5685488
0.5265016 0.5143428
0.7985142 0.6187909
0.7168139 0.5975283
0.2279874 0.3551085
0.672183 0.577406
0.1545741 0.3021929
0.5363218 0.5205807
0.7237571 0.5982137
0.6265804 0.560252
0.2608013 0.3738939
0.6126088 0.5541186
0.007059937 0.06735349
0.5690757 0.5358423
0.6476467 0.5685488
0.1577823 0.3046239
0.7872082 0.6175993
0.0006435331 0.02340781
0.5960631 0.5486405
0.8102997 0.622474
0.01575079 0.1032790
0.112388 0.2592790
0.04171293 0.1612001
0.8953722 0.6416904
0.5412397 0.5231901
0.8857571 0.6395468
0.1338612 0.2832155
0.4911388 0.5008182
0.03270032 0.1433894
0.1602871 0.3056384
0.1865394 0.3289575
0.3700946 0.4413489
0.3152114 0.4093174
0.3819905 0.4477498
0.9673028 0.662147
0.8683186 0.6367811
0.8974574 0.6416904
0.2502555 0.3694853
0.4859748 0.4982212
0.8421514 0.6304774
0.8542776 0.6325827
0.07989905 0.2177222
0.06105994 0.1910600
0.6594637 0.5719285
0.0947981 0.2373239
0.9239085 0.6505508
0.9524543 0.6574239
0.7680347 0.6119813
0.1995079 0.3377653
0.6496372 0.5685488
0.4695079 0.489508
0.08828076 0.2302839
0.1255079 0.2729816
0.003164038 0.04482422
0.1561167 0.3026213
0.634918 0.5645315
0.6124101 0.5541186
0.4402997 0.477973
0.3584069 0.4357531
0.2254385 0.3543640
0.05773502 0.1881578
0.003063091 0.04482422
0.1775647 0.3211408
0.4398801 0.4777624
0.70906 0.5951956
0.3515363 0.4325239
0.9011199 0.642368
0.144082 0.2920154
0.1752965 0.3194672
0.4564132 0.4835135
0.2705931 0.3797867
0.0003091483 0.02189152
0.0006309148 0.02340781
0.2583123 0.3722461
0.0258612 0.1270819
0.01735647 0.1071901
0.8369748 0.6286017
0.2536278 0.3708031
0.01398423 0.09647448
0.01108517 0.08445198
0.8221262 0.6248231
0.1680221 0.3135327
0.1590662 0.3050023
0.2231546 0.3540274
0.09271293 0.2354434
0.4380189 0.4766547
0.9478864 0.6567102
0.08724606 0.2286898
0.4790694 0.4952451
0.1638517 0.3098455
0.9033375 0.6425167
0.0300694 0.1375113
0.099694 0.2437358
0.5242965 0.5143428
0.003053628 0.04482422
0.5704227 0.5364641
0.4362177 0.4755877
0.05795584 0.1881578
0.8925426 0.6416904
0.02766246 0.1322511
0.4906972 0.5008182
0.5729874 0.5377949
0.6849842 0.5828649
0.0734101 0.2070987
0.002624606 0.04275954
0.3366057 0.4220204
0.008870662 0.07457997
0.001369085 0.03221812
0.1735868 0.3187753
0.1941073 0.3349504
0.71406 0.5970515
0.1413407 0.2898107
0.01974763 0.1139623
0.8899495 0.6411067
0.1586656 0.3050023
0.007646688 0.06980679
0.5879243 0.5450287
0.7728675 0.6135472
0.2129148 0.3475548
0.665164 0.5747748
0.8237666 0.6248563
0.7979495 0.6187909
0.3379274 0.4222464
0.02089905 0.1152590
0.005864353 0.06225718
0.2423028 0.3634427
0.3039306 0.4018132
0.008018927 0.07135946
0.0001009464 0.01295744
0.96994 0.662153
0.4134606 0.4643418
0.02016404 0.1151108
0.2150442 0.3482384
0.2111672 0.346981
0.8397319 0.6293948
0.0008990536 0.02573156
0.03567508 0.1501479
0.8383817 0.6289892
0.1461009 0.2941368
0.2034196 0.3418070
0.8284795 0.6256464
0.01350473 0.09468308
0.4038864 0.4602936
0.7237066 0.5982137
0.971612 0.662153
0.2177476 0.3505537
0.5073659 0.5073218
0.06834385 0.1991028
0.0003533123 0.02189152
0.7933123 0.6187909
0.3276719 0.4154604
0.1906088 0.3330831
0.05533754 0.1854450
0.1045394 0.2507861
0.7095868 0.5951956
0.1515237 0.3013306
0.117306 0.2639774
0.5070095 0.5073218
0.8449527 0.6307667
0.3774574 0.4458614
0.7948959 0.6187909
0.923246 0.6505508
0.9054101 0.6430577
0.1186088 0.2647055
0.6708454 0.5766257
0.1850221 0.3270989
0.007826498 0.07083761
0.747082 0.6052186
0.9568959 0.6582142
0.7403028 0.6028003
0.3178801 0.4109882
0.1496751 0.2987765
0.8013123 0.6192975
0.3020063 0.4017576
0.2996404 0.4003901
0.3503754 0.4325239
0.4507729 0.4805745
0.1840095 0.3260046
0.4063785 0.461155
0.1819811 0.3251526
0.1342871 0.2832155
0.3693817 0.4407469
0.2689811 0.3787793
0.955675 0.6580156
0.8609495 0.6353427
0.3470126 0.4302905
0.8398044 0.6293948
0.5169685 0.5116261
0.3562744 0.4345457
0.07886435 0.2160795
0.05691798 0.1881415
0.911366 0.6462043
0.1536782 0.3021405
0.2133785 0.3475548
0.2754826 0.3833467
0.001391167 0.03237801
0.2596877 0.3736421
0.05110726 0.1775988
0.04677287 0.1687595
0.7956562 0.6187909
0.005665615 0.06160388
0.0121041 0.08795356
0.1447003 0.292429
0.9372271 0.6551104
0.5223596 0.5138517
0.2317886 0.3570254
0.2039306 0.3418070
0.2761577 0.3835302
0.7914164 0.6185118
0.5075773 0.5073218
0.002722397 0.04280903
0.7521167 0.6071676
0.1920757 0.3342616
0.2568202 0.372107
0.4060505 0.4611195
0.7801577 0.6167176
0.08571609 0.2269262
0.07270978 0.2061505
0.03909464 0.1583171
0.1867539 0.3290313
0.6108391 0.5541186
0.3792776 0.4471935
0.3939338 0.4549136
0.823817 0.6248563
0.01660883 0.1060860
0.0004826498 0.02189152
3.154574e-06 0.006681177
0.05691167 0.1881415
0.0006876972 0.02340781
0.1935584 0.334648
0.3110158 0.4058599
0.5893407 0.5452967
0.3417445 0.42576
0.1413312 0.2898107
0.03033754 0.1375865
0.5950852 0.5483736
0.6082618 0.5541186
0.7393091 0.6028003
0.7951356 0.6187909
0.04163091 0.1612001
0.1920252 0.3342616
0.5445994 0.5252391
0.1769369 0.3208395
0.0946183 0.2371937
0.8938675 0.6416904
0.7708265 0.6129554
0.03505047 0.1483208
0.05208517 0.1782115
0.001996845 0.03789841
0.4981577 0.5031328
0.0229306 0.1208097
0.9417508 0.6559659
0.9543628 0.6575396
0.1777886 0.3211408
0.08259621 0.2234141
0.8138927 0.6225245
0.0145489 0.09862183
0.03501577 0.1483208
0.1611104 0.3068535
0.8478486 0.6316169
0.2145836 0.3482384
0.0004353312 0.02189152
0.5023596 0.5052061
0.7121703 0.5964133
0.003047319 0.04482422
0.9402271 0.6556925
0.732877 0.6004582
0.860183 0.6352172
0.2577666 0.372107
0.1033155 0.2483715
0.7092082 0.5951956
0.06330284 0.192631
0.8213849 0.6248231
0.1225394 0.2694118
0.7563218 0.6085225
0.9920852 0.6658089
0.7685552 0.6121657
0.01889274 0.11152
0.4256435 0.4694865
0.003280757 0.04584519
0.4696467 0.489508
0.9701262 0.662153
0.2667098 0.3769101
0.4169874 0.4654682
0.000340694 0.02189152
0.07814826 0.2146729
0.01199054 0.08787254
0.0926246 0.2354434
0.02002208 0.1149199
0.08495584 0.2260689
0.1712461 0.3164815
0.008217666 0.07221771
0.005564669 0.06160388
0.2803375 0.3850375
0.4275552 0.4704069
0.07961199 0.2172846
0.07712934 0.2135444
0.2615142 0.3738939
0.985041 0.6644112
0.1711893 0.3164815
0.8963407 0.6416904
0.3266278 0.4150707
0.04031861 0.1601734
0.5722555 0.5377103
0.6528328 0.5696227
0.01929653 0.1124313
0.1598044 0.3051894
0.03148265 0.1409686
0.5580126 0.531964
0.4237729 0.4691703
0.9702902 0.662153
0.3347697 0.4207833
0.001148265 0.03002406
0.04326814 0.1633494
0.944877 0.6563666
0.7459306 0.6051289
0.4902524 0.5008182
0.4135868 0.4643418
0.06212618 0.1911979
0.2671199 0.3769101
0.5550126 0.5309005
0.7380568 0.6028003
0.175388 0.3194672
0.3552461 0.4342148
0.99606 0.6667473
0.5588454 0.531964
0.716795 0.5975283
0.3678801 0.4401952
0.08916088 0.2308518
0.1901609 0.3327122
0.009832808 0.07888345
0.3117571 0.4062123
0.1472618 0.2950716
0.2866782 0.3889592
0.9798044 0.6632024
0.9854858 0.6644996
0.966571 0.6620025
0.451918 0.4805752
0.1662019 0.3123376
0.617795 0.5558354
0.831694 0.6266355
0.5540095 0.5306898
0.2555016 0.3717693
0.001712934 0.03635347
0.01457729 0.09862183
0.8920852 0.6416904
0.03831546 0.1560569
0.02073502 0.1152590
0.0613407 0.1911979
0.05782965 0.1881578
0.8686972 0.6367811
0.8136972 0.6225245
0.3817413 0.4477498
0.429735 0.4718248
0.005018927 0.05935543
0.0584858 0.1881578
0.2540379 0.3708031
0.2656372 0.3769101
0.3565931 0.4345457
0.5180252 0.511727
0.2418959 0.3634427
0.07089905 0.2026443
0.1334353 0.2828899
0.2102208 0.3464853
0.4104984 0.4630731
0.6045363 0.5535528
0.7987792 0.6187909
0.5176814 0.5116261
0.0004858044 0.02189152
0.07926498 0.2166857
0.4501956 0.4805745
0.1434385 0.2918282
0.7894858 0.6175993
0.1618833 0.307772
0.1631514 0.3087969
0.4771861 0.493963
0.4012492 0.4592075
0.2931104 0.3946524
0.0838328 0.2253201
0.005072555 0.05935543
0.01761199 0.1081189
0.0007981073 0.02347692
0.07398423 0.2078165
0.3305773 0.4174959
0.0281041 0.1331602
0.7266972 0.598321
0.002148265 0.03791568
0.2081956 0.3451994
0.1740631 0.3187753
0.2210158 0.3529705
0.852325 0.6325827
0.005003155 0.05935543
0.09221451 0.2348817
0.0844511 0.2257362
0.9236972 0.6505508
0.497918 0.5031328
0.2225268 0.3533862
0.302817 0.4017576
0.53947 0.5222789
0.001567823 0.0349531
0.2422934 0.3634427
0.09428076 0.2370748
0.6770978 0.5794133
0.2389464 0.3624287
0.1652524 0.3116594
0.09753628 0.2404835
0.8858833 0.6395468
0.001690852 0.03635347
0.9998517 0.6680187
0.01683281 0.1060860
0.03296215 0.1439415
0.934183 0.654835
0.9037192 0.6425167
0.7221609 0.5982137
0.8711672 0.6371112
0.6317192 0.5623956
0.6725079 0.577406
0.2207098 0.352867
0.06400946 0.1942232
0.746981 0.6052186
0.02431861 0.1231827
0.6291893 0.561261
0.7165678 0.5975283
0.2814164 0.3855247
0.5453155 0.5256904
0.0006277603 0.02340781
0.3007571 0.4011231
0.8588139 0.6346513
0.01964353 0.1136713
0.5104511 0.5077977
0.31153 0.4062123
0.6521956 0.5696227
0.09046057 0.2333611
0.7971672 0.6187909
0.475142 0.4926837
0.006501577 0.06464745
0.04117666 0.1607051
0.00733754 0.06854829
0.2576877 0.372107
0.08314511 0.2243429
0.1171861 0.2639774
0.4932461 0.5019086
0.7888896 0.6175993
0.1211104 0.2683094
0.117735 0.2641717
0.7251073 0.5982137
0.1443533 0.2922855
0.0610694 0.1910600
0.5310915 0.5176329
0.811306 0.6224928
0.2963344 0.3977291
0.555899 0.5309005
0.6359464 0.5647346
0.03394637 0.1470269
0.277571 0.3841068
0.4912681 0.5008182
0.05125237 0.1776581
0.2099685 0.3464853
0.4838486 0.4981813
0.8825647 0.6389141
0.00692429 0.06687224
0.7803849 0.6167176
0.1424669 0.2904094
0.1696688 0.3157708
0.8554574 0.6325827
0.1656435 0.3121191
0.0127918 0.09152763
0.01477918 0.09930848
0.02096215 0.1152590
0.1842177 0.3260046
0.8332492 0.6269152
0.6910978 0.5871235
0.6376467 0.5655331
0.2388013 0.3624287
0.1383817 0.2870550
0.882959 0.6389141
0.09740379 0.2404835
0.32647 0.4150707
0.3054479 0.4030643
0.3509558 0.4325239
0.3204826 0.4118694
0.497858 0.5031328
0.04278549 0.1629631
0.5786656 0.5410928
0.9008202 0.642368
0.7166625 0.5975283
0.6269306 0.560252
0.1753502 0.3194672
0.01500315 0.09961025
0.5620726 0.5322014
0.03983596 0.1601734
0.7969874 0.6187909
0.3058328 0.40307
0.03453628 0.1474708
0.1142744 0.2620146
0.7761577 0.6148632
0.5246562 0.5143428
0.2359369 0.361315
0.03740694 0.1538357
0.3323028 0.4184276
0.0748959 0.2087165
0.6624858 0.5737427
0.5048896 0.5064731
0.4169211 0.4654682
0.5080568 0.5073222
0.6487192 0.5685488
0.008716088 0.07457747
0.009214511 0.07653223
0.1231735 0.2694258
0.06469716 0.1955995
0.3535268 0.4328012
0.6157224 0.5552249
0.4254858 0.4694865
0.1537855 0.3021405
0.3434637 0.4276503
0.854877 0.6325827
0.4701388 0.4895391
0.23847 0.3624287
0.7278013 0.598383
0.3518707 0.4325239
0.9652429 0.6617197
0.976552 0.6623944
0.7219274 0.5982137
0.260164 0.3738195
0.6098927 0.5541186
0.5994416 0.5503152
0.02344795 0.1219315
0.07285174 0.2062769
0.03882019 0.1575068
0.7155394 0.5975283
0.1958991 0.3353099
0.06520189 0.1955995
0.74506 0.6050565
0.1961514 0.3353099
0.3528486 0.4328012
0.7887035 0.6175993
0.06495268 0.1955995
0.0168265 0.1060860
0.9903817 0.6658089
0.3151893 0.4093174
0.6123659 0.5541186
0.2668391 0.3769101
0.1220662 0.2694118
0.0001545741 0.01636888
0.003148265 0.04482422
0.09597792 0.2385744
0.9136625 0.6469663
0.01386435 0.09627465
0.1870473 0.3290313
0.3912461 0.4533004
0.070306 0.2017933
0.2782681 0.3841068
0.7538549 0.6080024
0.2737981 0.3820066
0.458612 0.4839865
0.6119937 0.5541186
0.5140599 0.5103962
0.822041 0.6248231
0.04771924 0.1711826
0.02535647 0.1256155
0.3262587 0.4150707
0.3478991 0.4302905
0.4670662 0.4889842
0.4775868 0.4941363
0.004977918 0.05935543
0.3626562 0.4386176
0.5616372 0.5322014
0.06225237 0.1911979
0.2288202 0.3551085
0.4122271 0.4639513
0.02905994 0.1343643
0.5616341 0.5322014
0.9770379 0.6623944
0.01683281 0.1060860
0.01135016 0.08588046
0.00636593 0.06450028
0.3064038 0.4030701
0.7271609 0.598321
0.5345426 0.5198005
0.7591167 0.6092834
0.8120915 0.6224928
0.4150379 0.4653375
0.9007918 0.642368
0.705511 0.5948349
0.2844669 0.3876975
0.1987823 0.3376164
0.01847634 0.1109
0.2082997 0.3451994
0.2256562 0.3543640
0.2070473 0.3444716
0.3902555 0.4528959
0.225164 0.3543640
0.001744479 0.03635347
0.1527855 0.3018746
0.1144574 0.2620146
0.28953 0.3913243
0.05360883 0.1808812
0.2293691 0.3551085
0.06025237 0.1910337
0.7138549 0.5970515
0.30953 0.4044194
0.2829338 0.386608
0.1499968 0.2991367
0.2538644 0.3708031
0.09156151 0.2347714
0.7829338 0.6175993
0.9239464 0.6505508
0.9171388 0.6485605
0.06006309 0.1910054
0.7886782 0.6175993
0.001690852 0.03635347
0.207 0.3444716
0.1228801 0.2694118
0.02355836 0.1219315
0.5611388 0.5322014
0.0742019 0.2081519
0.6412366 0.5663454
0.863754 0.6361417
0.7967192 0.6187909
0.5623722 0.5322014
0.03636909 0.1507906
0.1961104 0.3353099
0.1586278 0.3050023
0.2365489 0.3614681
0.3504511 0.4325239
0.1418423 0.2902536
0.4652019 0.4877557
0.6285552 0.5609937
0.0003123028 0.02189152
0.00666246 0.0659376
0.3746215 0.4435271
0.02757098 0.1321120
0.08425552 0.2257362
0.005665615 0.06160388
0.1223659 0.2694118
0.1553817 0.3021929
0.0006782334 0.02340781
0.07997792 0.2177222
0.9053754 0.6430577
0.7506372 0.6066361
0.5176656 0.5116261
0.05178233 0.1782115
0.1839653 0.3260046
0.01004101 0.07950105
0.3094953 0.4044194
0.7934574 0.6187909
0.1956782 0.3353099
0.09195268 0.2348817
0.7571577 0.6086996
0.2262997 0.3543640
0.4258328 0.4694865
0.0004006309 0.02189152
0.873694 0.6384892
0.5216341 0.51364
0.04653312 0.1683178
0.02416404 0.1230236
0.06431861 0.194882
0.6245205 0.5592781
0.1284196 0.2764066
0.4168675 0.4654682
0.6805363 0.5811816
0.3290315 0.4160639
0.945022 0.6563666
0.07488959 0.2087165
0.04805363 0.1716263
0.4110505 0.4630731
0.06815457 0.1990991
0.07780442 0.214145
0.2587729 0.372579
0.607041 0.5541186
0.125795 0.2732301
0.3689748 0.4407468
0.1946278 0.3351117
0.2570978 0.372107
0.4337697 0.4747779
0.2262776 0.3543640
0.05453628 0.18334
0.8184826 0.6247274
0.9563028 0.6582142
0.2340536 0.3594706
0.7845268 0.6175993
0.6674763 0.5753644
0.3244227 0.4146684
0.9918612 0.6658089
0.8845047 0.6391409
0.9344921 0.654835
0.8943028 0.6416904
0.9148707 0.6474201
0.108224 0.2555309
0.570142 0.5364383
0.01853628 0.1109
0.01851104 0.1109
0.08642902 0.2276663
0.1339369 0.2832155
0.8648833 0.6361417
0.7095868 0.5951956
0.2278076 0.3551085
0.08750789 0.2290925
0.002044164 0.03789841
0.7232713 0.5982137
0.9818486 0.663469
0.8376845 0.6286888
0.4706814 0.4898633
0.392959 0.454539
0.7497256 0.6065198
0.3473123 0.4302905
0.122836 0.2694118
0.3545741 0.4338326
0.1569495 0.3035695
0.7998454 0.619159
0.4378801 0.4766547
0.948 0.6567102
0.4698991 0.4895302
0.08781073 0.2296016
0.819429 0.6248231
0.9517855 0.6574239
0.7340694 0.6009702
0.1357508 0.2837391
0.1171073 0.2639774
0.004858044 0.05861214
0.2666909 0.3769101
0.6390505 0.5658304
0.1255394 0.2729816
0.2495426 0.3693217
0.2339369 0.3594706
0.2132303 0.3475548
0.3028833 0.4017576
0.1265363 0.2740240
0.7483249 0.605618
0.6943312 0.5884542
0.889101 0.6407134
0.006794953 0.06601494
0.2129054 0.3475548
0.2243975 0.3543640
0.077653 0.214145
0.07311672 0.2067508
0.1665521 0.3123790
0.4201262 0.4668412
0.436306 0.4755877
0.697388 0.5905723
0.4018139 0.4592075
0.4167571 0.4654682
0.6359117 0.5647346
0.7000726 0.5921354
0.252041 0.3708031
0.0002996845 0.02189152
0.07238801 0.2055134
0.191164 0.3337779
0.02594637 0.1272053
0.03408202 0.1471076
0.9016404 0.642368
0.4798202 0.4954789
0.8254826 0.6255159
0.006410095 0.06450028
0.7659842 0.6115227
0.02371924 0.1219315
0.1667098 0.3123790
0.01590536 0.1036507
0.1069811 0.2542972
0.257918 0.372107
0.2893659 0.3913243
0.1424196 0.2904094
0.9529274 0.6574239
0.5303028 0.5171022
0.2168328 0.3497619
0.2621577 0.3738939
0.3350473 0.4208746
0.0625552 0.1916977
0.06229022 0.1911979
0.2248644 0.3543640
0.7256183 0.5982137
0.08533754 0.2266332
0.4042366 0.4602936
0.4961956 0.5028273
0.1999905 0.3383119
7.25552e-05 0.01295744
0.2417918 0.3634427
0.6296246 0.561261
0.8557161 0.6325827
0.4627161 0.486112
0.5713344 0.537083
0.832672 0.6269152
0.9361798 0.6548944
0.5002492 0.5044162
0.9247382 0.6507001
0.451612 0.4805752
0.8237666 0.6248563
0.580836 0.5419259
0.1325584 0.2813125
0.5533091 0.5302587
0.7155836 0.5975283
0.9397855 0.6556925
0.147694 0.2956579
0.8004921 0.6192975
0.0005615142 0.02340781
0.2959874 0.3977291
0.664959 0.5747748
0.5302082 0.5171022
0.0682713 0.1991028
0.4763975 0.4935904
0.1597413 0.3051894
0.3069306 0.4035124
0.7948044 0.6187909
0.004470032 0.05559834
0.3266972 0.4150707
0.2979685 0.3991634
0.1767445 0.3208395
0.8755205 0.6384892
0.874328 0.6384892
0.7030789 0.5939666
0.5974164 0.5496473
0.9733943 0.662153
0.8862744 0.6395468
0.8267634 0.62564
0.6501356 0.56875
0.9695962 0.662153
0.4439748 0.4785287
0.8604795 0.6352172
0.7677256 0.6119813
0.4576151 0.4838733
0.141123 0.2898107
0.05194006 0.1782115
0.266918 0.3769101
0.9528013 0.6574239
0.1467319 0.2948466
0.7263785 0.598321
0.9926183 0.6658089
0.8684227 0.6367811
0.7732492 0.6135472
0.710183 0.5951956
0.9540757 0.6575396
0.1671009 0.3123879
0.2270126 0.3548321
0.824022 0.6248563
0.2910631 0.3921452
0.8042145 0.6195972
0.0291041 0.1343643
0.8904385 0.6412408
0.3376309 0.422125
0.7617382 0.6107627
0.0004794953 0.02189152
0.381205 0.4477498
0.04959306 0.1740093
0.02563091 0.1262432
0.7640252 0.6113252
0.6732334 0.5777404
0.004315457 0.05505934
0.5554196 0.5309005
0.4422902 0.4785274
0.5806656 0.5419259
0.3239274 0.4145357
0.8175773 0.6244407
0.1518423 0.3013982
0.7014543 0.5930672
0.3456404 0.4298551
0.6096088 0.5541186
0.5610442 0.5322014
0.6919621 0.5873866
0.1943438 0.3349504
0.2193281 0.3519108
0.9785016 0.6627442
0.9473375 0.6567102
0.01019874 0.08029833
0.4796719 0.4954789
0.3144038 0.4087700
0.756511 0.6085225
0.2715521 0.3801251
0.8524227 0.6325827
0.3075584 0.4040869
0.2278486 0.3551085
0.0842429 0.2257362
0.2192397 0.3519108
0.07713249 0.2135444
0.5189401 0.5120981
0.6021672 0.5520804
0.7403596 0.6028003
0.526123 0.5143428
0.004870662 0.05861214
0.1124921 0.2592790
0.2878233 0.3900030
0.3684132 0.4405842
0.005634069 0.06160388
0.644918 0.5681752
0.005671924 0.06160388
0.7783722 0.6158163
0.6537382 0.570018
0.4041167 0.4602936
0.1741735 0.3187753
0.4084732 0.4623832
0.0316877 0.1409925
0.3799527 0.4471935
0.8509905 0.6325827
0.4505836 0.4805745
0.04106309 0.1607051
0.03163091 0.1409925
0.3593975 0.4364564
0.7226372 0.5982137
0.7073249 0.5951795
0.1819148 0.3251526
0.01066562 0.08233639
0.878735 0.6389141
0.8959432 0.6416904
0.1098801 0.2576816
0.2905047 0.3918759
0.789041 0.6175993
0.6103943 0.5541186
0.9698612 0.662153
0.1934448 0.334648
0.5026404 0.5052486
0.04497161 0.166164
0.1087192 0.2561290
0.3164795 0.4102096
0.3203218 0.4118694
0.4545363 0.4827871
0.04381388 0.1645773
0.8655457 0.6361417
0.1647539 0.3109962
0.325347 0.4150707
0.4105615 0.4630731
0.01669085 0.1060860
0.8534164 0.6325827
0.1061483 0.2528339
0.6473628 0.5685488
0.6159811 0.5552249
0.1304259 0.2798717
0.02649842 0.1294671
0.941713 0.6559659
0.7859243 0.6175993
0.08653312 0.2276663
0.9759054 0.6623944
0.9895868 0.6658089
0.1861893 0.3286138
0.2557098 0.3717693
0.01851104 0.1109
0.4109495 0.4630731
0.09824921 0.2413121
0.3842461 0.4493692
0.002066246 0.03789841
0.4065394 0.461155
0.9458423 0.6563666
0.7561167 0.6085225
0.9130032 0.6467157
0.4591483 0.4839865
0.5754606 0.5392863
0.1003312 0.2445279
0.4934606 0.5019086
0.4007508 0.4592075
0.1742934 0.3187753
0.3250568 0.4150707
0.4615363 0.4851132
0.76606 0.6115227
0.5858833 0.5450287
0.4453028 0.4792279
0.03774448 0.1546234
0.02911672 0.1343643
0.6491514 0.5685488
0.5260662 0.5143428
0.2104543 0.3465803
0.1543438 0.3021929
0.4939874 0.5019086
0.09463407 0.2371937
0.6837161 0.5820197
0.3477823 0.4302905
0.2237192 0.3543640
0.04784858 0.1711826
0.2093975 0.3460245
0.1739716 0.3187753
0.9667792 0.6620025
0.6385899 0.5658304
0.7391956 0.6028003
0.759183 0.6092834
0.4824479 0.4971563
0.03427129 0.1471076
0.06529968 0.1956158
0.03118297 0.1405180
0.5613155 0.5322014
0.1340946 0.2832155
0.5979779 0.5498056
0.09687697 0.2396950
0.2072681 0.3445683
0.2420095 0.3634427
0.8829842 0.6389141
0.8098044 0.622474
0.06487382 0.1955995
0.9362997 0.6548944
0.3312114 0.4177985
0.2530063 0.3708031
0.766593 0.6115227
0.3850284 0.4497873
0.2438675 0.3639853
0.8015584 0.6192975
0.05363407 0.1808812
0.6124637 0.5541186
0.9121893 0.6463553
0.5564006 0.5310587
0.01847319 0.1109
0.2973596 0.3986041
0.4210315 0.4671119
0.03876656 0.1575068
0.02100631 0.1152590
0.2300379 0.355624
0.6638013 0.5745321
0.2544637 0.3711688
0.2702492 0.3795954
0.6486372 0.5685488
0.7869243 0.6175993
0.762082 0.6107627
0.8034574 0.6192975
0.7103565 0.5951956
0.3169022 0.4105062
0.830489 0.6264757
0.2466498 0.3663309
0.3795394 0.4471935
0.06044164 0.1910600
0.02816719 0.1331612
0.02941325 0.1348383
0.4169243 0.4654682
0.5128076 0.5094241
0.469123 0.489508
0.7269369 0.598321
0.01641325 0.1058022
0.2785678 0.3841068
0.2759527 0.3835302
0.5174448 0.5116261
0.2119148 0.3475548
0.561448 0.5322014
0.03132808 0.1408721
0.2830252 0.386608
0.1464164 0.2944921
0.05854574 0.1881578
9.77918e-05 0.01295744
0.2947729 0.3963869
0.008473186 0.07354771
0.6834511 0.5820197
0.3674259 0.4399002
0.2053975 0.3433451
0.6427476 0.5672069
0.5559842 0.5309005
0.7241609 0.5982137
0.1316088 0.2809053
0.007974763 0.07126589
0.04111672 0.1607051
0.05695584 0.1881415
0.1630095 0.3087969
0.192388 0.3342616
0.6854259 0.5830065
0.02023975 0.1152324
0.2311893 0.3569073
0.7944416 0.6187909
0.04467508 0.1659980
0.02370347 0.1219315
0.0006687697 0.02340781
0.7591136 0.6092834
0.7395615 0.6028003
0.7399685 0.6028003
0.1543659 0.3021929
0.05038486 0.1755128
0.774183 0.6138779
0.6585142 0.5717172
0.745366 0.605073
0.2167413 0.3497619
0.114183 0.2620146
0.0318265 0.1413132
0.4957981 0.502665
0.003082019 0.04482422
0.707 0.5951795
0.9454574 0.6563666
0.3710536 0.4417234
0.80206 0.6192975
0.004488959 0.05559834
0.001088328 0.02956420
0.04501262 0.166164
0.001208202 0.03083001
0.0115489 0.08666643
0.7195678 0.5982137
0.1668139 0.3123790
0.04022082 0.1601734
0.1512461 0.3010612
0.008318612 0.07280275
0.01462145 0.09862183
0.1951735 0.3353099
0.8452587 0.6307667
0.6687319 0.5755098
0.05900631 0.1890642
0.231205 0.3569073
0.757306 0.6086996
0.3484606 0.4305813
0.6003375 0.5508195
0.8793502 0.6389141
0.4197319 0.4668412
0.8310631 0.6264757
0.0226877 0.1204780
0.2644826 0.3759439
0.6188391 0.5558354
0.1259117 0.2732301
0.1287035 0.2767365
0.9213628 0.6498118
0.6281356 0.5609937
0.02824606 0.1332367
0.5062366 0.5069387
0.6166183 0.5552249
0.04516088 0.166164
0.6759716 0.5789174
0.4015205 0.4592075
0.9701987 0.662153
0.5234953 0.5143428
0.8815899 0.6389141
0.0887287 0.2302839
0.4593218 0.4839865
0.06545426 0.1956791
0.00937224 0.07728152
0.0007413249 0.02340781
0.8672429 0.6367811
0.5877603 0.5450287
0.001239748 0.03107341
0.05854574 0.1881578
0.07079811 0.2026293
0.01871924 0.11152
0.6493186 0.5685488
0.060347 0.1910477
0.09142587 0.2347563
0.5343218 0.5198005
0.1836435 0.3260046
0.2503438 0.3694853
0.1992681 0.3377041
0.3739685 0.4432235
0.1955741 0.3353099
0.04406309 0.1648811
0.003776025 0.0496731
0.2842839 0.3876975
0.3197256 0.4118694
0.02163407 0.1177880
0.4057129 0.4609833
0.3820158 0.4477498
0.2465615 0.3663309
0.08226183 0.2228113
0.9788864 0.6627928
0.02366246 0.1219315
0.485082 0.4982212
0.1150379 0.2620243
0.07741325 0.2137628
0.02314511 0.1210365
0.001940063 0.03752442
0.5150915 0.510974
0.6917729 0.5873866
0.2434795 0.3636624
0.7708076 0.6129554
0.5245741 0.5143428
0.7401041 0.6028003
0.2606814 0.3738939
0.18153 0.3249944
0.004470032 0.05559834
0.8702839 0.636905
0.2618044 0.3738939
0.02080757 0.1152590
0.4021987 0.4592075
0.004451104 0.05559834
0.6524227 0.5696227
0.3033596 0.4018132
0.4010252 0.4592075
0.009138801 0.07650344
0.02911672 0.1343643
0.1030252 0.2479551
0.0004574132 0.02189152
0.03417035 0.1471076
0.06618927 0.1957883
0.8658297 0.6361417
0.5248517 0.5143428
0.7460063 0.6051289
0.5792965 0.5414436
0.937918 0.655377
0.01394006 0.09647448
0.2577634 0.372107
0.7050379 0.5948349
0.2651893 0.3766957
0.520183 0.5129017
0.4384101 0.4766547
0.7128044 0.5964726
0.0996593 0.2437358
0.1592744 0.3050023
0.5000568 0.5044162
0.4742145 0.4925722
0.05582334 0.1863796
0.2383407 0.3624287
0.0572082 0.1881415
0.2067603 0.3444716
0.338918 0.4232345
0.5010063 0.5044162
0.187511 0.3295733
0.0006719243 0.02340781
0.04614196 0.1682024
0.09817666 0.2413121
0.09372555 0.2368362
0.5363281 0.5205807
0.0001230284 0.01447589
0.2812776 0.3855247
0.8920473 0.6416904
0.9020126 0.642368
0.00811672 0.0716278
0.005826498 0.06225718
0.6188297 0.5558354
0.5262208 0.5143428
0.7564259 0.6085225
0.3734606 0.4432235
0.2996025 0.4003901
0.02404732 0.1227244
0.001905363 0.03736511
0.05336909 0.1807760
0.003315457 0.04589488
0.009432177 0.07728152
0.4913123 0.5008182
0.1527855 0.3018746
0.1405047 0.2894723
0.2640126 0.3755908
0.3199338 0.4118694
0.510858 0.5079639
0.262858 0.3746404
0.1237066 0.2701055
0.2723028 0.3809153
0.898101 0.6416904
0.1145678 0.2620146
0.04137224 0.1610729
9.463722e-05 0.01295744
0.1929495 0.334648
0.1776057 0.3211408
0.1979085 0.3364021
0.984224 0.6642832
0.007545741 0.06918344
0.4031104 0.4597528
0.1322587 0.2811925
0.2636151 0.3754668
0.8035331 0.6192975
0.588101 0.5450287
0.1961577 0.3353099
0.2792303 0.3845196
0.7949369 0.6187909
0.0343123 0.1471076
0.06564984 0.1956791
0.4591073 0.4839865
0.05913249 0.1891823
0.111082 0.2585322
0.6181136 0.5558354
0.2375174 0.3623854
0.2440631 0.3640207
0.02094322 0.1152590
0.1318265 0.2809053
0.3822744 0.4478051
0.04542587 0.166164
0.2776751 0.3841068
0.05782965 0.1881578
0.1990126 0.3377041
0.1802114 0.323454
0.4281735 0.4706191
0.1230095 0.2694167
0.5858549 0.5450287
0.04418927 0.1650616
0.7590126 0.6092834
0.1485426 0.2967956
0.7640063 0.6113252
0.982 0.663469
0.9863975 0.6649026
0.4481514 0.4801087
0.174511 0.3188979
0.00226183 0.03894638
0.6445868 0.5681752
0.03012618 0.1375113
0.241183 0.3634427
0.920328 0.6495324
0.07343533 0.2070987
0.9922618 0.6658089
0.05779495 0.1881578
0.7306814 0.5995871
0.6419338 0.5667249
0.2612524 0.3738939
0.5800315 0.5416526
0.4177319 0.4654682
0.2773659 0.3841068
0.8759748 0.6384892
0.1923533 0.3342616
0.2113312 0.346981
0.1084448 0.2557671
0.001422713 0.03240012
0.9688076 0.662153
0.07031546 0.2017933
0.9442082 0.6563666
0.05849211 0.1881578
0.5264763 0.5143428
0.9094669 0.6452898
0.9186909 0.6494412
0.9149148 0.6474201
0.2063691 0.3444255
0.3219653 0.4125233
0.09941325 0.2436929
0.04278233 0.1629631
0.1161041 0.2635592
0.2261009 0.3543640
0.1399148 0.28914
0.1705868 0.3163673
0.8123817 0.6224928
0.003290221 0.04584519
0.02123659 0.1162214
0.0144858 0.09862183
0.3258139 0.4150707
0.01252997 0.0899581
0.3529968 0.4328012
0.8652618 0.6361417
0.02873502 0.1340503
0.2451609 0.3646309
0.007514196 0.06918344
0.1014227 0.2455790
0.02088328 0.1152590
0.5931703 0.5474053
0.2962082 0.3977291
0.01377287 0.09595401
0.8760662 0.6384892
0.9274763 0.652169
0.4919054 0.5011173
0.05 0.1747470
0.002416404 0.03967273
0.02084543 0.1152590
0.9816278 0.663469
0.5112681 0.5081331
0.318877 0.4115540
0.8975836 0.6416904
0.7877571 0.6175993
0.1445836 0.292429
0.8825899 0.6389141
0.3926057 0.4543785
0.5596341 0.5322014
0.2999905 0.4004749
0.9283155 0.6523259
0.6570347 0.5710117
0.1503817 0.2996222
0.0949937 0.2375328
0.8814858 0.6389141
0.06776972 0.1987927
0.993347 0.6658089
0.02266246 0.1204780
0.1440221 0.2920154
0.1140347 0.2620146
0.6130032 0.5541186
0.1355016 0.2837391
0.007160883 0.06801019
0.0004826498 0.02189152
0.04285174 0.1629631
0.5915931 0.546903
0.01611041 0.1046649
0.2246215 0.3543640
0.7194732 0.5982137
0.2673123 0.3769305
0.02754574 0.1321120
0.05142902 0.1779791
0.04939117 0.1739881
0.2554227 0.3717693
0.9925174 0.6658089
0.3467066 0.4302905
0.3749621 0.4436563
0.5075489 0.5073218
0.03575079 0.1501479
0.8332082 0.6269152
0.08226814 0.2228113
0.2261199 0.3543640
0.3665016 0.439539
0.1547413 0.3021929
0.593164 0.5474053
0.6860946 0.583341
0.1164259 0.2637599
0.000933754 0.02636838
0.5216593 0.51364
0.9433596 0.6563666
0.1561735 0.3026213
0.9306215 0.6534913
0.003656151 0.04870116
0.1055363 0.2519942
0.05970978 0.1901674
0.1150473 0.2620243
0.3637918 0.4389485
0.1388959 0.2878398
0.2746278 0.3824524
0.1251703 0.2727390
0.9318202 0.6537042
0.08469716 0.2259231
0.8684322 0.6367811
0.9208801 0.6496877
0.4429338 0.4785274
0.6094132 0.5541186
0.1531546 0.3020326
0.00207571 0.03789841
0.3897035 0.4525436
0.8877729 0.64041
0.126959 0.2743782
0.3053596 0.4030643
0.7416814 0.6034697
0.5325016 0.51853
0.006271293 0.06450028
0.875593 0.6384892
0.4233249 0.4691703
0.187694 0.3296214
0.300082 0.4004749
0.7776625 0.6157149
0.00240694 0.03967273
0.4203817 0.4668801
0.9437319 0.6563666
0.5686435 0.5357424
0.04945426 0.1739881
0.1375268 0.2861224
0.4684732 0.489508
0.9984732 0.6679405
0.1171073 0.2639774
0.1368517 0.2849978
0.206877 0.3444716
0.1191861 0.2654345
0.5797918 0.5416526
0.07483596 0.2087165
0.6252366 0.5596827
0.7424795 0.6038871
0.02233123 0.1204780
0.3100189 0.4048085
0.9046845 0.6429736
0.1150568 0.2620243
0.8981293 0.6416904
0.8886593 0.6406904
0.7102334 0.5951956
0.01481703 0.09930848
0.2125174 0.3475548
0.5050757 0.5064731
0.1164416 0.2637599
0.2202524 0.3528592
0.04941325 0.1739881
0.5495394 0.5278403
0.4752082 0.4926837
0.4021672 0.4592075
0.3907792 0.4530475
0.9820789 0.663469
2.208202e-05 0.01295744
0.4589527 0.4839865
0.01741009 0.1071901
0.04536278 0.166164
0.1828959 0.3258730
0.04285804 0.1629631
0.7431546 0.6042042
0.00917981 0.07653223
0.03562776 0.1501479
0.1316625 0.2809053
0.2851262 0.3880966
0.5829085 0.54328
0.5468896 0.5262497
0.7762965 0.6148632
0.8222082 0.6248231
0.6243785 0.5592781
0.8149716 0.6231247
0.09977603 0.2437358
0.1555521 0.3022468
0.04504416 0.166164
0.6940284 0.5884542
0.6816183 0.581871
0.001870662 0.03702745
0.002725552 0.04280903
0.04008833 0.1601734
0.01139432 0.08588046
0.5161356 0.5116261
0.1520442 0.3015164
0.6474543 0.5685488
0.007933754 0.07119984
0.8272776 0.62564
0.7269653 0.598321
0.8272429 0.62564
0.3275899 0.4154604
0.1014543 0.2455790
0.1727224 0.3183880
0.5546877 0.5309005
0.8927823 0.6416904
0.01566562 0.1030396
0.505123 0.5064731
0.8986372 0.6416904
0.6407224 0.5663029
0.4351483 0.4753043
0.6101987 0.5541186
0.002375394 0.03961359
0.01083912 0.08287557
0.04325552 0.1633494
0.4969117 0.5030716
0.1264669 0.2740240
0.5019117 0.5049955
0.0006340694 0.02340781
0.01028076 0.0806443
0.04029653 0.1601734
0.5849306 0.5447863
0.4003628 0.4592075
0.7231703 0.5982137
0.2268959 0.3548321
0.9360252 0.6548944
0.0811388 0.2203161
0.1699621 0.3160390
0.107571 0.2550058
0.0005299685 0.02290690
0.01180442 0.08738887
0.0001009464 0.01295744
0.1190599 0.2654325
0.6747192 0.5783125
0.1122902 0.2592790
0.3299148 0.4169078
0.500918 0.5044162
0.6595868 0.5719285
0.02301262 0.1209409
0.9821514 0.663469
0.851265 0.6325827
0.9202429 0.6495324
0.494694 0.5020263
0.2139054 0.3479550
0.2537792 0.3708031
0.07708202 0.2135444
0.005189274 0.06005757
0.01158044 0.08666643
0.03027129 0.1375806
0.9599874 0.659698
0.001624606 0.03584174
0.4235773 0.4691703
0.9708801 0.662153
0.9058044 0.6431221
0.9729338 0.662153
0.371653 0.4419631
0.7524543 0.6071676
0.5251262 0.5143428
0.005050473 0.05935543
0.5986435 0.5500594
0.8697287 0.6367811
0.219836 0.3524587
0.06191167 0.1911979
0.2532808 0.3708031
0.2475174 0.3668477
0.09388328 0.2368362
0.6262397 0.560252
0.2471546 0.3665665
0.842776 0.630722
0.9726025 0.662153
0.765959 0.6115227
0.9203533 0.6495324
0.6324795 0.5628359
0.06497161 0.1955995
0.6672114 0.5753644
0.366817 0.4396683
0.4081546 0.4622696
0.2906782 0.3918759
0.8691767 0.6367811
0.2676246 0.3771198
0.02344795 0.1219315
0.0004384858 0.02189152
0.04637224 0.1683178
0.3533438 0.4328012
0.5979779 0.5498056
0.04917035 0.1738556
0.9309306 0.6534913
0.1183785 0.2647055
0.05808202 0.1881578
0.7054984 0.5948349
0.8307098 0.6264757
0.7070505 0.5951795
0.3580536 0.4355736
0.1079306 0.2551225
0.3272776 0.4154604
0.2284353 0.3551085
0.859123 0.6346582
0.8808076 0.6389141
0.9772492 0.6623944
0.03147634 0.1409686
0.5345079 0.5198005
4.416404e-05 0.01295744
0.837489 0.6286888
0.5731073 0.5377949
0.5635647 0.5328538
0.5586751 0.531964
0.1913754 0.3338718
0.372205 0.4423711
0.3080726 0.4041017
0.1705615 0.3163673
0.802101 0.6192975
0.277224 0.3841068
0.832347 0.6269045
0.5010694 0.5044162
0.3841514 0.4493692
0.4049211 0.4607788
0.498388 0.5031328
0.7507287 0.6066361
0.7517603 0.6071676
0.4509306 0.4805745
0.6599874 0.571935
0.3090505 0.4044194
0.4437476 0.4785274
0.6079117 0.5541186
0.6887886 0.5853966
0.00747634 0.0691458
0.341183 0.4253107
0.1787382 0.3221750
0.3571893 0.4350219
0.4812965 0.4962774
0.05933754 0.1892665
0.2213218 0.3529705
0.04517666 0.166164
0.07000315 0.201717
0.3173155 0.4105394
0.4054006 0.4608757
0.9312082 0.6534913
0.6835615 0.5820197
0.419653 0.4668412
0.3691735 0.4407468
0.4902461 0.5008182
0.4693975 0.489508
0.4162461 0.4654682
0.8797192 0.6389141
0.1104732 0.2576816
0.2524511 0.3708031
0.8861703 0.6395468
0.06285489 0.1918191
0.01801577 0.1093301
0.68006 0.5810091
0.02389905 0.1225205
0.4070379 0.4612515
0.6488801 0.5685488
0.249041 0.3688477
0.1017129 0.2456341
0.1890126 0.3313875
0.09404416 0.2368362
0.5516562 0.528914
0.7878013 0.6175993
0.1360915 0.2838712
0.8091041 0.6223296
0.3528013 0.4328012
0.2559495 0.3717693
0.1525584 0.3018746
0.6776309 0.5796353
7.886435e-05 0.01295744
0.08714511 0.2286898
0.7170284 0.5975283
0.8452303 0.6307667
0.8933817 0.6416904
0.510164 0.5077506
0.485142 0.4982212
0.8450063 0.6307667
0.1597129 0.3051894
0.1046246 0.2507861
0.2274416 0.3551085
0.5420442 0.5237287
0.6356372 0.5647346
0.06206309 0.1911979
0.9939274 0.6659512
0.5581356 0.531964
0.1015741 0.2455790
0.27153 0.3801251
0.2620347 0.3738939
0.7750694 0.6143508
0.4749054 0.4926837
0.827164 0.62564
0.1932555 0.334648
5.047319e-05 0.01295744
0.317142 0.4105394
0.06308517 0.1922449
0.3029401 0.4017576
0.117858 0.2641717
0.8624101 0.6358932
0.4430536 0.4785274
0.575899 0.5394585
0.008094637 0.0716278
0.318489 0.4113039
0.0060347 0.06358752
0.003529968 0.04731795
0.2524732 0.3708031
0.1185521 0.2647055
0.8445426 0.6307667
0.06795584 0.1987927
0.6058644 0.5541186
0.8170032 0.6242274
0.8677192 0.6367811
0.008873817 0.07457997
0.243388 0.3636624
0.1603281 0.3056384
0.3290505 0.4160639
0.7500757 0.6065713
0.9490946 0.6569016
0.3241514 0.4145719
0.9228044 0.6505508
0.683142 0.5820197
0.6551703 0.5704309
0.7198139 0.5982137
0.2564606 0.3720318
0.9749558 0.6622658
0.3877603 0.4507485
0.9517666 0.6574239
0.406735 0.461155
0.6830789 0.5820197
0.4605331 0.4844019
0.9485079 0.6567102
0.5915426 0.546903
0.002022082 0.03789841
0.006712934 0.06597469
0.09436278 0.2370748
0.08855205 0.2302839
0.4512271 0.4805745
0.1222713 0.2694118
0.464082 0.4870638
0.8914858 0.6416904
0.6408486 0.5663029
0.2502082 0.3694853
0.1267508 0.2742081
0.962511 0.6610033
0.1795836 0.3228744
0.6104322 0.5541186
0.6316972 0.5623956
0.0808265 0.2197498
0.5221041 0.513839
0.1933943 0.334648
0.0004637224 0.02189152
0.7353312 0.6015382
0.5677603 0.5356251
0.03624921 0.1507906
0.485858 0.4982212
0.6399811 0.566181
0.9934006 0.6658089
0.898593 0.6416904
0.666246 0.5750059
0.3578423 0.4355667
0.4679842 0.489508
0.3122271 0.4064389
0.0693817 0.2007456
0.3712082 0.4417234
0.7542524 0.6080914
0.06636909 0.1960464
0.06957098 0.2010187
0.9810789 0.663469
0.0144164 0.09862183
0.2021924 0.3412191
0.1050915 0.2514992
0.2640568 0.3755908
0.02676341 0.1301564
0.1694574 0.3156548
0.001239748 0.03107341
0.06898107 0.1999966
0.002905363 0.0445896
0.01188328 0.08738887
0.03729022 0.1536541
0.007242902 0.06848207
0.2774259 0.3841068
0.0001324921 0.01476892
0.03580126 0.1501479
0.6648076 0.5747748
0.07829653 0.2148016
0.01722713 0.1071901
0.02394953 0.1225205
0.9251987 0.6507835
0.08984227 0.2320487
0.326347 0.4150707
0.8621893 0.6358932
0.668101 0.5753852
0.6545899 0.5704309
0.02434069 0.1231827
0.01310726 0.09289064
0.3805142 0.4474757
0.7254164 0.5982137
0.001287066 0.03163961
0.9632555 0.6610858
0.2858896 0.3885583
0.00551735 0.06160388
0.002690852 0.04280903
0.0003470032 0.02189152
0.4233785 0.4691703
0.9784259 0.6627442
0.0002902208 0.02189152
3.470032e-05 0.01295744
0.6836593 0.5820197
0.340612 0.4248489
0.00855205 0.07392927
0.3817666 0.4477498
0.0007791798 0.02340781
0.06186751 0.1911979
0.04156151 0.1612001
0.2152713 0.3483042
0.04832808 0.1720263
0.003410095 0.04647036
0.01695584 0.1062466
0.02260252 0.1204780
0.4428927 0.4785274
0.5271861 0.5147741
0.1348549 0.2836283
0.007347003 0.06854829
0.2120315 0.3475548
0.1778612 0.3211408
0.03350789 0.1457238
0.7300662 0.5995469
0.2193155 0.3519108
0.3477508 0.4302905
0.2225836 0.3533862
0.141489 0.2898107
0.05840063 0.1881578
0.02456782 0.1235938
0.6560568 0.5706302
0.5681861 0.5357424
0.001470032 0.03312159
0.4765931 0.4935904
0.04109148 0.1607051
0.4464069 0.4794422
0.3734984 0.4432235
0.4660347 0.4883871
0.1671136 0.3123879
0.8296498 0.6262091
0.5060252 0.5069387
0.1146814 0.2620146
0.0336877 0.1462055
0.1381893 0.2869370
0.2089842 0.3458345
0.7127287 0.5964726
0.2178202 0.3505537
0.009899054 0.07911523
0.8022744 0.6192975
0.01204101 0.08793812
0.1532839 0.3020326
0.6089842 0.5541186
0.4604953 0.4844019
0.07456467 0.2087165
0.01929653 0.1124313
0.3871798 0.4507485
0.2212934 0.3529705
0.7303565 0.5995528
0.001088328 0.02956420
0.3317129 0.4179332
0.7783691 0.6158163
0.89506 0.6416904
0.7895363 0.6175993
0.05208202 0.1782115
0.4459811 0.4792279
0.7979527 0.6187909
0.005864353 0.06225718
0.7103565 0.5951956
0.3623155 0.4384914
0.9449527 0.6563666
0.04705678 0.1692073
0.9063123 0.6432671
0.197123 0.3358419
0.02278233 0.1204780
0.394142 0.4549136
0.04316088 0.1633494
0.02204732 0.1194239
0.005438486 0.06160388
0.976795 0.6623944
0.679817 0.5810091
0.2106057 0.3465803
0.7609243 0.6104496
0.5440757 0.5249731
0.3162808 0.4102031
0.7525331 0.6071676
0.4854448 0.4982212
0.7163975 0.5975283
0.194776 0.3351117
0.8092303 0.6223296
0.4106183 0.4630731
0.4097855 0.4630731
0.01650789 0.1059473
0.1103312 0.2576816
0.2132303 0.3475548
0.2973628 0.3986041
0.05196845 0.1782115
0.9929558 0.6658089
0.001365931 0.03221812
0.2838265 0.3873232
0.1517886 0.3013982
0.1943659 0.3349504
0.6554132 0.5704309
0.4355331 0.4754513
0.452 0.4805752
0.3737508 0.4432235
0.9309495 0.6534913
0.1022965 0.2467621
0.003041009 0.04482422
0.5817666 0.5425552
0.3922145 0.4541739
0.7061136 0.595106
0.1185363 0.2647055
0.0007791798 0.02340781
0.3865079 0.4507485
0.5369811 0.5207861
0.3018202 0.4017576
0.2806719 0.3850375
0.8810347 0.6389141
0.2041546 0.3418070
0.3201924 0.4118694
0.3015174 0.4017576
0.1643722 0.3105525
0.01354574 0.09468308
0.9516435 0.6574239
0.1754259 0.3194672
0.03235016 0.1429300
0.2216845 0.3530776
0.7960315 0.6187909
0.9898107 0.6658089
0.8203975 0.6248231
0.09077918 0.2338981
0.1027981 0.24769
0.01729338 0.1071901
0.1054259 0.2519942
0.1836025 0.3260046
0.4087382 0.462436
0.6232114 0.5590513
0.2848454 0.3879637
0.2094511 0.3460245
0.1542587 0.3021929
0.7643249 0.6113252
0.9617035 0.6606629
0.6493281 0.5685488
0.308142 0.4041017
0.821164 0.6248231
0.6119243 0.5541186
0.08649842 0.2276663
0.006712934 0.06597469
0.0004100946 0.02189152
0.9437571 0.6563666
0.649571 0.5685488
0.8952334 0.6416904
0.2760379 0.3835302
0.1972618 0.3358419
0.1583817 0.3050023
0.8957256 0.6416904
0.9247729 0.6507001
0.4456909 0.4792279
0.6076814 0.5541186
0.8498801 0.6325827
0.2729369 0.3813075
0.02015773 0.1151108
0.9550284 0.6577842
0.3861956 0.4506537
0.9512776 0.6574239
0.2905615 0.3918759
0.1279401 0.2760103
0.06511041 0.1955995
0.3213533 0.4119884
0.2787792 0.3841482
0.5255457 0.5143428
0.2026372 0.3413667
0.394795 0.4551712
0.3563249 0.4345457
0.6471735 0.5685488
0.07114826 0.2028092
0.4812366 0.4962774
0.01892429 0.11152
0.005788644 0.06225718
0.08439432 0.2257362
0.1200063 0.2667002
0.871164 0.6371112
0.4334921 0.4747194
0.03928391 0.1587800
0.4260536 0.4694865
0.04441325 0.1656062
0.2558833 0.3717693
0.03488013 0.1483208
0.9992681 0.6680187
0.3210347 0.411954
0.04097792 0.1607051
0.821918 0.6248231
0.08315142 0.2243429
0.7664606 0.6115227
0.02434069 0.1231827
0.1837129 0.3260046
0.4554826 0.4833075
0.04910726 0.1738556
0.7251987 0.5982137
0.02551735 0.1259768
0.4500915 0.4805745
0.6112366 0.5541186
0.006381703 0.06450028
0.06195899 0.1911979
0.9425836 0.6562555
0.09615773 0.2385744
0.01782019 0.1087665
0.5142681 0.5103962
0.02749211 0.1321120
0.557918 0.531964
0.009495268 0.07728152
0.6098423 0.5541186
0.005788644 0.06225718
0.122795 0.2694118
0.04115457 0.1607051
0.05249211 0.1784507
0.3374132 0.422125
0.5399716 0.5222789
0.2546751 0.3712215
0.01792114 0.1090683
